1
2
4
6
8
10
12
16
18
20
24
30
32
34
36
40
42
48
50
54
60
64
68
72
78
80
84
90
96
100
102
108
110
114
120
126
128
136
144
150
156
160
162
168
170
180
192
200
204
210
216
220
222
228
234
240
250
252
256
270
272
288
294
300
306
312
320
324
330
336
340
342
360
378
384
390
400
408
410
420
432
438
440
444
450
456
468
480
486
500
504
510
512
514
540
544
546
550
570
576
578
582
588
600
612
624
630
640
648
654
660
666
672
680
684
702
714
720
750
756
768
780
798
800
810
816
820
840
850
864
876
880
882
888
900
912
918
930
936
960
972
978
990
1000
1008
1010
1014
1020
1024
1026
1028
1050
1080
1088
1092
1100
1110
1134
1140
1152
1156
1158
1164
1170
1176
1200
1210
1218
1224
1230
1248
1250
1260
1280
1296
1308
1314
1320
1326
1332
1344
1350
1360
1368
1404
1428
1440
1458
1470
1482
1500
1512
1530
1536
1542
1554
1560
1596
1600
1620
1632
1638
1640
1650
1680
1700
1710
1728
1734
1746
1752
1760
1764
1776
1800
1806
1824
1830
1836
1860
1870
1872
1890
1920
1938
1944
1950
1956
1962
1980
1998
2000
2016
2020
2028
2040
2048
2050
2052
2056
2058
2100
2106
2142
2160
2166
2176
2184
2190
2200
2220
2250
2268
2280
2304
2310
2312
2316
2328
2340
2352
2394
2400
2420
2430
2436
2448
2460
2496
2500
2510
2520
2530
2550
2560
2570
2592
2598
2616
2628
2640
2646
2652
2664
2688
2700
2720
2730
2736
2750
2754
2790
2808
2850
2856
2880
2886
2890
2910
2916
2922
2934
2940
2964
2970
3000
3024
3030
3042
3060
3066
3072
3078
3084
3108
3120
3150
3192
3200
3240
3264
3270
3276
3280
3300
3330
3360
3400
3402
3420
3456
3462
3468
3474
3492
3504
3510
3520
3528
3552
3570
3600
3612
3630
3648
3654
3660
3672
3690
3720
3740
3744
3750
3774
3780
3822
3840
3876
3888
3900
3912
3924
3942
3960
3978
3990
3996
4000
4010
4032
4040
4050
4056
4074
4080
4096
4100
4104
4112
4116
4134
4200
4212
4218
4250
4284
4290
4320
4332
4352
4368
4374
4380
4400
4410
4440
4446
4500
4510
4530
4536
4560
4578
4590
4608
4614
4620
4624
4626
4632
4650
4656
4658
4662
4680
4704
4746
4788
4800
4840
4860
4872
4890
4896
4914
4920
4950
4992
4998
5000
5020
5040
5050
5060
5070
5100
5120
5130
5140
5184
5196
5202
5232
5238
5250
5256
5280
5292
5304
5328
5334
5376
5400
5418
5430
5440
5460
5472
5490
5500
5508
5550
5580
5586
5610
5616
5670
5694
5700
5712
5760
5772
5780
5790
5814
5820
5832
5844
5850
5868
5880
5886
5928
5940
5994
6000
6048
6050
6060
6084
6090
6120
6132
6144
6150
6156
6162
6168
6174
6216
6240
6250
6270
6300
6318
6384
6400
6410
6426
6480
6498
6510
6528
6540
6552
6560
6570
6600
6630
6660
6720
6750
6800
6804
6840
6846
6912
6918
6924
6930
6936
6948
6970
6984
7008
7020
7040
7056
7098
7104
7140
7182
7200
7224
7230
7260
7290
7296
7308
7320
7344
7350
7380
7410
7440
7446
7480
7488
7500
7530
7548
7560
7566
7590
7644
7650
7680
7710
7752
7770
7776
7782
7794
7800
7824
7848
7884
7920
7938
7956
7980
7992
8000
8020
8064
8080
8100
8106
8112
8130
8148
8160
8190
8192
8200
8208
8214
8224
8232
8250
8262
8268
8274
8322
8370
8400
8424
8436
8500
8502
8526
8550
8568
8580
8610
8640
8658
8664
8670
8704
8730
8736
8738
8748
8754
8760
8766
8800
8802
8820
8880
8892
8910
9000
9020
9030
9060
9072
9090
9120
9126
9150
9156
9180
9198
9216
9228
9234
9240
9248
9252
9264
9282
9300
9312
9316
9324
9350
9360
9408
9450
9492
9576
9600
9680
9690
9720
9744
9750
9780
9790
9792
9810
9826
9828
9840
9894
9900
9984
9990
9996
10000